%YAML:1.0
---
K: !!opencv-matrix
   rows: 3
   cols: 3
   dt: d
   data: [ 9.3199267176895273e+02, 0., 6.6986600172792828e+02, 0.,
       9.3365251157800867e+02, 3.5843028952489618e+02, 0., 0., 1. ]
D: !!opencv-matrix
   rows: 1
   cols: 5
   dt: d
   data: [ -4.8921463270179538e-01, 3.2575510445623007e-01,
       4.1421455839858864e-03, -4.9834356146520754e-03,
       -1.2367755999381287e-01 ]
